T = 0.25000000000000016653;
adapt_count = 100;
cell_aux_max = 0.029315600040037442797;
u_max = 5.3737202092586784374;
restart_n_last = 100;
T_last_vel_refresh = 0.24750000000000019207;
