T = 0.20000000000000014988;
adapt_count = 80;
cell_aux_max = 0.010000000000000000208;
u_max = 3.0777380746433644632;
restart_n_last = 80;
T_last_vel_refresh = 0.19750000000000014766;
