T = 0.15000000000000010547;
adapt_count = 60;
cell_aux_max = 0.010000000000000000208;
u_max = 1.0485142399192968199;
restart_n_last = 60;
T_last_vel_refresh = 0.14750000000000010325;
